// Black & White
unsigned int cmap0[]={
           0,
       65793,
      131586,
      197379,
      263172,
      328965,
      394758,
      460551,
      526344,
      592137,
      657930,
      723723,
      789516,
      855309,
      921102,
      986895,
     1052688,
     1118481,
     1184274,
     1250067,
     1315860,
     1381653,
     1447446,
     1513239,
     1579032,
     1644825,
     1710618,
     1776411,
     1842204,
     1907997,
     1973790,
     2039583,
     2105376,
     2171169,
     2236962,
     2302755,
     2368548,
     2434341,
     2500134,
     2565927,
     2631720,
     2697513,
     2763306,
     2829099,
     2894892,
     2960685,
     3026478,
     3092271,
     3158064,
     3223857,
     3289650,
     3355443,
     3421236,
     3487029,
     3552822,
     3618615,
     3684408,
     3750201,
     3815994,
     3881787,
     3947580,
     4013373,
     4079166,
     4144959,
     4210752,
     4276545,
     4342338,
     4408131,
     4473924,
     4539717,
     4605510,
     4671303,
     4737096,
     4802889,
     4868682,
     4934475,
     5000268,
     5066061,
     5131854,
     5197647,
     5263440,
     5329233,
     5395026,
     5460819,
     5526612,
     5592405,
     5658198,
     5723991,
     5789784,
     5855577,
     5921370,
     5987163,
     6052956,
     6118749,
     6184542,
     6250335,
     6316128,
     6381921,
     6447714,
     6513507,
     6579300,
     6645093,
     6710886,
     6776679,
     6842472,
     6908265,
     6974058,
     7039851,
     7105644,
     7171437,
     7237230,
     7303023,
     7368816,
     7434609,
     7500402,
     7566195,
     7631988,
     7697781,
     7763574,
     7829367,
     7895160,
     7960953,
     8026746,
     8092539,
     8158332,
     8224125,
     8289918,
     8355711,
     8421504,
     8487297,
     8553090,
     8618883,
     8684676,
     8750469,
     8816262,
     8882055,
     8947848,
     9013641,
     9079434,
     9145227,
     9211020,
     9276813,
     9342606,
     9408399,
     9474192,
     9539985,
     9605778,
     9671571,
     9737364,
     9803157,
     9868950,
     9934743,
    10000536,
    10066329,
    10132122,
    10197915,
    10263708,
    10329501,
    10395294,
    10461087,
    10526880,
    10592673,
    10658466,
    10724259,
    10790052,
    10855845,
    10921638,
    10987431,
    11053224,
    11119017,
    11184810,
    11250603,
    11316396,
    11382189,
    11447982,
    11513775,
    11579568,
    11645361,
    11711154,
    11776947,
    11842740,
    11908533,
    11974326,
    12040119,
    12105912,
    12171705,
    12237498,
    12303291,
    12369084,
    12434877,
    12500670,
    12566463,
    12632256,
    12698049,
    12763842,
    12829635,
    12895428,
    12961221,
    13027014,
    13092807,
    13158600,
    13224393,
    13290186,
    13355979,
    13421772,
    13487565,
    13553358,
    13619151,
    13684944,
    13750737,
    13816530,
    13882323,
    13948116,
    14013909,
    14079702,
    14145495,
    14211288,
    14277081,
    14342874,
    14408667,
    14474460,
    14540253,
    14606046,
    14671839,
    14737632,
    14803425,
    14869218,
    14935011,
    15000804,
    15066597,
    15132390,
    15198183,
    15263976,
    15329769,
    15395562,
    15461355,
    15527148,
    15592941,
    15658734,
    15724527,
    15790320,
    15856113,
    15921906,
    15987699,
    16053492,
    16119285,
    16185078,
    16250871,
    16316664,
    16382457,
    16448250,
    16514043,
    16579836,
    16645629,
    16711422,
    16777215
};

// 
unsigned int cmap1[]={
//    12602426,
          0,
    12668219,
    12799804,
    12865854,
    12997439,
    13063232,
    13194817,
    13260866,
    13392451,
    13458245,
    13589830,
    13655879,
    13721672,
    13853257,
    13919307,
    14050892,
    14116685,
    14182734,
    14314320,
    14380113,
    14446162,
    14512211,
    14578005,
    14709590,
    14775639,
    14841432,
    14907482,
    14973275,
    15039324,
    15105373,
    15171167,
    15237216,
    15368801,
    15369059,
    15435108,
    15500901,
    15566951,
    15632744,
    15698793,
    15764843,
    15830636,
    15831149,
    15896943,
    15962992,
    16028785,
    16029043,
    16095092,
    16160885,
    16161399,
    16227192,
    16293242,
    16293499,
    16359548,
    16359806,
    16425599,
    16426112,
    16491906,
    16492163,
    16492677,
    16558470,
    16558727,
    16559241,
    16625034,
    16625291,
    16625549,
    16626062,
    16691856,
    16692113,
    16692370,
    16692628,
    16693141,
    16693399,
    16693656,
    16693913,
    16694171,
    16694428,
    16694685,
    16694943,
    16695200,
    16695458,
    16695715,
    16695972,
    16630694,
    16630951,
    16631208,
    16631466,
    16566187,
    16566444,
    16566702,
    16501423,
    16501680,
    16501682,
    16436403,
    16436660,
    16371382,
    16371639,
    16306104,
    16306361,
    16241083,
    16175548,
    16175805,
    16110526,
    16110528,
    16045249,
    15979714,
    15914435,
    15914437,
    15849158,
    15783623,
    15718344,
    15652809,
    15653066,
    15587532,
    15522253,
    15456718,
    15391183,
    15325904,
    15260369,
    15194834,
    15129555,
    15064021,
    14998486,
    14867415,
    14801880,
    14736601,
    14671066,
    14605531,
    14539996,
    14408925,
    14343134,
    14277599,
    14146272,
    14080737,
    13949410,
    13883875,
    13752548,
    13687013,
    13621222,
    13489895,
    13424359,
    13293032,
    13227241,
    13095914,
    13030379,
    12899052,
    12833260,
    12701933,
    12636141,
    12505070,
    12373743,
    12307951,
    12176624,
    12110833,
    11979505,
    11913714,
    11782386,
    11716594,
    11585267,
    11519475,
    11388148,
    11256820,
    11191028,
    11059701,
    10993909,
    10862581,
    10796534,
    10665206,
    10533878,
    10468086,
    10336758,
    10270710,
    10139382,
    10008055,
     9942007,
     9810679,
     9744887,
     9613559,
     9547511,
     9416183,
     9284598,
     9218806,
     9087478,
     9021430,
     8890102,
     8824054,
     8692726,
     8561141,
     8495349,
     8363765,
     8297972,
     8166388,
     8100596,
     7969011,
     7902963,
     7771635,
     7705586,
     7574002,
     7508209,
     7376625,
     7310832,
     7179248,
     7113199,
     6981614,
     6915822,
     6784237,
     6718188,
     6586604,
     6520811,
     6389226,
     6323178,
     6191593,
     6125544,
     6059495,
     5928166,
     5862118,
     5730533,
     5664484,
     5532899,
     5466850,
     5400801,
     5269216,
     5203167,
     5137118,
     5005533,
     4939484,
     4873435,
     4741850,
     4675801,
     4609752,
     4478167,
     4412118,
     4345812,
     4214227,
     4148178,
     4082129,
     4015823,
     3949774,
     3818189,
     3751884,
     3685834,
     3619785,
     3487944,
     3421638,
     3355333,
     3289284,
     3222978,
     3156673,
     3025087,
     2958270,
     2891708,
     2824891,
     2758329,
     2691512,
     2624950,
     2558133,
     2491315};

unsigned int cmap2[]={
//     4980736,
          0,
     5177344,
     5373952,
     5505024,
     5701632,
     5898240,
     6094848,
     6291456,
     6422528,
     6619136,
     6815744,
     7012352,
     7208960,
     7340032,
     7536640,
     7733248,
     7929856,
     8126464,
     8257536,
     8454144,
     8650752,
     8847360,
     9043968,
     9175040,
     9371648,
     9568256,
     9764864,
     9961472,
    10092544,
    10289152,
    10485760,
    10682368,
    10878976,
    11010048,
    11206656,
    11403264,
    11599872,
    11796480,
    11927552,
    12124160,
    12320768,
    12517376,
    12713984,
    12845056,
    13041664,
    13238272,
    13434880,
    13631488,
    13762560,
    13959168,
    14155776,
    14352384,
    14548992,
    14680064,
    14876672,
    15073280,
    15269888,
    15466496,
    15597568,
    15794176,
    15990784,
    16187392,
    16384000,
    16515072,
    16711937,
    16712965,
    16713736,
    16715021,
    16716049,
    16717077,
    16718105,
    16719133,
    16720161,
    16721189,
    16721960,
    16723245,
    16724273,
    16725301,
    16726329,
    16727357,
    16728385,
    16729413,
    16730184,
    16731469,
    16732497,
    16733525,
    16734553,
    16735581,
    16736609,
    16737637,
    16738408,
    16739693,
    16740721,
    16741749,
    16742777,
    16743805,
    16744833,
    16745861,
    16746632,
    16747917,
    16748945,
    16749973,
    16751001,
    16752029,
    16753057,
    16754085,
    16754856,
    16756141,
    16757169,
    16758197,
    16759225,
    16760253,
    16761281,
    16762309,
    16763080,
    16764365,
    16765393,
    16766421,
    16767449,
    16768477,
    16769505,
    16770533,
    16771304,
    16772589,
    16773617,
    16774645,
    16775673,
    16776701,
    16645631,
    16382463,
    16119295,
    15856127,
    15592959,
    15329791,
    15066623,
    14803455,
    14540287,
    14277119,
    14013951,
    13750783,
    13487615,
    13224447,
    12961279,
    12698111,
    12434943,
    12171775,
    11842815,
    11645439,
    11382271,
    11119103,
    10790143,
    10592767,
    10329599,
    10066431,
     9737471,
     9540095,
     9276927,
     9013759,
     8684799,
     8487423,
     8224255,
     7961087,
     7697919,
     7434751,
     7171583,
     6908415,
     6645247,
     6382079,
     6118911,
     5855743,
     5592575,
     5329407,
     5066239,
     4803071,
     4539903,
     4276735,
     4013567,
     3684607,
     3487231,
     3158271,
     2960895,
     2631935,
     2434559,
     2105599,
     1908223,
     1579263,
     1381887,
     1052927,
      855551,
      526591,
      329215,
         255,
         253,
         251,
         249,
         247,
         245,
         243,
         241,
         239,
         237,
         235,
         233,
         231,
         229,
         227,
         225,
         223,
         221,
         219,
         217,
         215,
         213,
         211,
         209,
         207,
         205,
         203,
         201,
         199,
         197,
         195,
         193,
         191,
         189,
         187,
         185,
         183,
         181,
         179,
         177,
         175,
         173,
         171,
         169,
         167,
         165,
         163,
         161,
         159,
         157,
         155,
         153,
         151,
         149,
         147,
         145,
         143,
         141,
         139,
         137,
         135,
         133,
         131,
         129,
         127
};

unsigned int cmap3[]={
          10,
     1572881,
     2228244,
     2686998,
     3080215,
     3473433,
     3801114,
     4063259,
     4390941,
     4653086,
     4849695,
     5111840,
     5308449,
     5570594,
     5767203,
     5963811,
     6160420,
     6357029,
     6553638,
     6684710,
     6881319,
     7077928,
     7209001,
     7405609,
     7536682,
     7667755,
     7864363,
     7995436,
     8126508,
     8257581,
     8454190,
     8585262,
     8716335,
     8847407,
     8978480,
     9109552,
     9240625,
     9371698,
     9502770,
     9568307,
     9699379,
     9830452,
     9961524,
    10092597,
    10223669,
    10289206,
    10420278,
    10551350,
    10616887,
    10747959,
    10879032,
    10944568,
    11075641,
    11206713,
    11272250,
    11403322,
    11468859,
    11599931,
    11731003,
    11796540,
    11927612,
    11993149,
    12124221,
    12189757,
    12320830,
    12386366,
    12451903,
    12582975,
    12648511,
    12779584,
    12845120,
    12910657,
    13041729,
    13107265,
    13238338,
    13303874,
    13369410,
    13500483,
    13566019,
    13631556,
    13762628,
    13828164,
    13893701,
    13959237,
    14090309,
    14155846,
    14221382,
    14352454,
    14417991,
    14483527,
    14549063,
    14614600,
    14745672,
    14811208,
    14876745,
    14942281,
    15073353,
    15138890,
    15204426,
    15269962,
    15335499,
    15401035,
    15532107,
    15597644,
    15663180,
    15728716,
    15794253,
    15859789,
    15925325,
    16056397,
    16121934,
    16187470,
    16253006,
    16318543,
    16384079,
    16449615,
    16515152,
    16580688,
    16646224,
    16711760,
    16711760,
    16713300,
    16714584,
    16715867,
    16717151,
    16718690,
    16719974,
    16721257,
    16722541,
    16723825,
    16725364,
    16726648,
    16727931,
    16729215,
    16730498,
    16732038,
    16733322,
    16734605,
    16735889,
    16737172,
    16738712,
    16739995,
    16741279,
    16742563,
    16743846,
    16745386,
    16746669,
    16747953,
    16749236,
    16750520,
    16752060,
    16753343,
    16754627,
    16755910,
    16757194,
    16758733,
    16760017,
    16761301,
    16762584,
    16763868,
    16765407,
    16766691,
    16767974,
    16769258,
    16770542,
    16772081,
    16773365,
    16774648,
    16775932,
    16777215,
    16777215,
    16645631,
    16514047,
    16382463,
    16250879,
    16119295,
    15987711,
    15790335,
    15658751,
    15527167,
    15395583,
    15263999,
    15132415,
    15000831,
    14803455,
    14671871,
    14540287,
    14408703,
    14277119,
    14145535,
    14013951,
    13816575,
    13684991,
    13553407,
    13421823,
    13290239,
    13158655,
    13027071,
    12829695,
    12698111,
    12566527,
    12434943,
    12303359,
    12171775,
    12040191,
    11842815,
    11711231,
    11579647,
    11448063,
    11316479,
    11184895,
    11053311,
    10855935,
    10724351,
    10592767,
    10461183,
    10329599,
    10198015,
    10066431,
     9869055,
     9737471,
     9605887,
     9474303,
     9342719,
     9211135,
     9079551,
     8882175,
     8750591,
     8619007,
     8487423,
     8355839,
     8224255,
     8092671,
     7895295,
     7763711,
     7632127,
     7500543,
     7368959,
     7237375,
     7105791,
     6908415,
     6776831,
     6645247,
     6513663,
     6382079,
     6250495,
     6118911,
     5921535,
     5789951,
     5658367,
     5526783,
     5395199,
     5263615,
     5132031,
     4934655,
     4803071,
     4671487,
     4539903,
     4408319,
     4276735,
     4145151,
     3947775,
     3816191,
     3684607,
     3553023,
     3421439,
     3289855,
     3158271,
     2960895,
     2829311,
     2697727,
     2566143,
     2434559,
     2302975,
     2171391,
     1974015,
     1842431,
     1710847,
     1579263,
     1447679,
     1316095,
     1184511,
      987135,
      855551,
      723967,
      592383,
      460799,
      329215,
      197631,
         255
};

// blue-red-yellow
unsigned int cmap4[]={
           0,
      327680,
      655360,
      983040,
     1310720,
     1703936,
     2031616,
     2359296,
     2686976,
     3014656,
     3407872,
     3735552,
     4063232,
     4390912,
     4718592,
     5111808,
     5439488,
     5767168,
     6094848,
     6422528,
     6815744,
     7143424,
     7471104,
     7798784,
     8126464,
     8519680,
     8847360,
     9175040,
     9502720,
     9830400,
    10223616,
    10551296,
    10878976,
    11206656,
    11534336,
    11927552,
    12255232,
    12582912,
    12910592,
    13238272,
    13631488,
    13959168,
    14286848,
    14614528,
    14942208,
    15335424,
    15663104,
    15990784,
    16318468,
    16711689,
    16384014,
    16056339,
    15663127,
    15335452,
    14942241,
    14614566,
    14286890,
    13893679,
    13566004,
    13172793,
    12845117,
    12451906,
    12124231,
    11796556,
    11403345,
    11075665,
    10682449,
    10354769,
     9961553,
     9633873,
     9306193,
     8912977,
     8585296,
     8192080,
     7864400,
     7471184,
     7143504,
     6815824,
     6422608,
     6094927,
     5701716,
     5374041,
     4980830,
     4653155,
     4325480,
     3932269,
     3604594,
     3211383,
     2883708,
     2490497,
     2162822,
     1835147,
     1441936,
     1114261,
      721050,
      393375,
         164,
         169,
         174,
         180,
         185,
         190,
         196,
         201,
         206,
         212,
         217,
         222,
         228,
         233,
         255,
         255,
         255,
         255,
        1535,
        2815,
        4351,
        5631,
        7167,
        8447,
        9727,
       11263,
       12543,
       14079,
       15359,
       16639,
       18175,
       19455,
       20991,
      284159,
      613119,
      942079,
     1271039,
     1599999,
     1863167,
     2192127,
     2521087,
     2850047,
     3179007,
     3507967,
     3771135,
     4100095,
     4429055,
     4758015,
     5086975,
     5415935,
     5088255,
     4695039,
     4301823,
     3908607,
     3515391,
     3122175,
     2728959,
     2401279,
     2008063,
     1614847,
     1221631,
      828415,
      435199,
       41983,
       41983,
       41983,
       41983,
       41976,
       41968,
       41960,
       41953,
       41945,
       41937,
       41930,
       41922,
       41914,
       41907,
       41899,
       41891,
       41896,
       41901,
      240050,
      438199,
      636348,
      834497,
     1098182,
     1296331,
     1494481,
     1692886,
     1956571,
     2154720,
     2352869,
     2551018,
     2749167,
     3012852,
     3211257,
     3407871,
     3604479,
     3866623,
     4063231,
     4259839,
     4456447,
     4718591,
     4915199,
     5111807,
     5308415,
     5505023,
     5767167,
     5963775,
     6160383,
     6356991,
     6619135,
     6815743,
     7012351,
     7208959,
     7405567,
     7667711,
     7864319,
     8060927,
     8257535,
     8519679,
     8716287,
     8912895,
     9109503,
     9371647,
     9568255,
     9764863,
     9961471,
    10158079,
    10420223,
    10616831,
    10813439,
    11010047,
    11272191,
    11468799,
    11665407,
    11862015,
    12058623,
    12320767,
    12517375,
    12713983,
    12910591,
    13172735,
    13369343,
    13565951,
    13762559,
    14024703,
    14221311,
    14417919,
    14614527,
    14811135,
    15073279,
    15269887,
    15466495,
    15663103,
    15925247,
    16121855,
    16318463,
    16515071,
    16777215
};

// heat
unsigned int cmap5[]={
				0, 
        1, 
        2, 
        4, 
        5, 
        7, 
        8, 
        10,
        11,
        13,
        14,
        15,
       17,      
       18,      
       20,      
       21,      
       23,      
       24,      
       26,      
       27,      
       28,      
       30,      
       31,      
       33,      
       34,      
       36,      
       37,      
       39,      
       40,      
       42,      
       43,      
       44,      
       46,      
       47,      
       49,      
       50,      
       52,      
       53,      
       55,      
       56,      
       57,      
       59,      
       60,      
       62,      
       63,      
       65,      
       66,      
       68,      
       69,      
       70,      
       72,      
       73,      
       75,      
       76,      
       78,      
       79,      
       81,      
       82,      
       84,      
       85,      
       86,      
       88,      
       89,      
       91,      
       92,      
       94,      
       95,      
       97,      
       98,      
       99,      
       101,     
       102,     
       104,     
       105,     
       107,     
       108,     
       110,     
       111,     
       113,     
       114,     
       115,     
       117,     
       118,     
       120,     
       121,     
       123,     
       124,     
       126,     
       127,     
       128,     
       130,     
       131,     
       133,     
       134,     
       136,     
       137,     
       139,     
       140,     
       141,     
       143,     
       144,     
       146,     
       147,     
       149,     
       150,     
       152,     
       153,     
       155,     
       156,     
       157,     
       159,     
       160,     
       162,     
       163,     
       165,     
       166,     
       168,     
       169,     
       170,     
       172,     
       173,     
       431,     
       944,     
       1458,    
       1971,    
       2485,    
       2998,    
       3512,    
       4025,    
       4538,    
       4796,    
       5309,    
       5823,    
       6336,    
       6850,    
       7363,    
       7877,    
       8390,    
       8903,    
       9161,    
       9674,    
       10188,   
       10701,   
       11215,   
       11728,   
       12242,   
       12755,   
       13268,   
       13526,   
       14039,   
       14553,   
       15066,   
       15580,   
       16093,   
       16607,   
       17120,   
       17634,   
       17891,   
       18404,   
       18918,   
       19431,   
       19945,   
       20458,   
       20972,   
       21485,   
       21999,   
       22256,   
       22769,   
       23283,   
       23796,   
       24310,   
       24823,   
       25337,   
       25850,   
       26364,   
       26621,   
       27135,   
       27647,   
       28159,   
       28671,   
       29183,   
       29695,   
       30207,   
       30719,   
       30975,   
       31487,   
       31999,   
       32511,   
       33023,   
       33535,   
       34047,   
       231167,  
       493823,  
       756223,  
       1018879, 
       1281535, 
       1544191, 
       1806847, 
       2069503, 
       2332159, 
       2594815, 
       2857471, 
       3119871, 
       3382527, 
       3579647, 
       3842303, 
       4104959, 
       4367615, 
       4630271, 
       4892927, 
       5155583, 
       5417983, 
       5680639, 
       5943295, 
       6205951, 
       6468607, 
       6731263, 
       6928383, 
       7191039, 
       7453695, 
       7716095, 
       7978751, 
       8241407, 
       8504063, 
       8766719, 
       9029375, 
       9292031, 
       9554687, 
       9817343, 
       10079743,
       10276863,
       10539519,
       10802175,
       11064831,
       11327487,
       11590143,
       11852799,
       12115455,
       12377855,
       12640511,
       12903167,
       13165823,
       13428479,
       13625599,
       13888255,
       14150911,
       14413567,
       14675967,
       14938623,
       15201279,
       15463935,
       15726591,
       15989247,
       16251903,
       16514559,
       16777215
};

// cubehelix
unsigned int cmap6[]={
           0,
       65537,
      196867,
      262404,
      393734,
      524808,
      590601,
      721930,
      853004,
      984333,
     1115662,
     1246735,
     1378065,
     1509394,
     1640723,
     1772051,
     1903124,
     2034453,
     2165782,
     2297110,
     2428439,
     2559768,
     2691096,
     2822681,
     2888473,
     3019801,
     3151129,
     3282458,
     3414042,
     3545370,
     3611162,
     3742746,
     3874074,
     3939866,
     4071450,
     4137242,
     4268825,
     4334617,
     4400665,
     4466713,
     4532505,
     4664088,
     4730136,
     4730392,
     4796439,
     4862487,
     4928279,
     4928790,
     4994838,
     4995350,
     5061142,
     5061653,
     5062165,
     5128213,
     5128469,
     5128981,
     5129492,
     5130004,
     5064724,
     5065236,
     5065748,
     5000469,
     5000981,
     5001493,
     4936213,
     4871189,
     4871702,
     4806422,
     4741399,
     4741655,
     4676632,
     4611353,
     4546330,
     4481050,
     4416027,
     4350748,
     4285469,
     4220447,
     4155168,
     4089889,
     4024611,
     3959332,
     3894054,
     3828775,
     3763497,
     3698219,
     3632941,
     3567662,
     3567920,
     3502643,
     3437365,
     3371831,
     3306553,
     3306812,
     3241278,
     3176000,
     3176003,
     3176261,
     3110728,
     3110987,
     3045454,
     3045456,
     3045459,
     3045718,
     3045721,
     3045724,
     3045727,
     3111266,
     3111269,
     3177064,
     3177067,
     3242606,
     3242609,
     3308148,
     3373687,
     3438970,
     3504509,
     3570048,
     3701123,
     3766662,
     3832201,
     3963276,
     4094351,
     4159890,
     4290965,
     4421784,
     4552859,
     4683934,
     4815008,
     5011619,
     5142694,
     5273768,
     5470379,
     5601453,
     5798063,
     5994674,
     6125748,
     6322358,
     6518968,
     6715578,
     6912188,
     7108798,
     7305664,
     7502274,
     7698883,
     7895493,
     8092358,
     8288968,
     8485833,
     8747978,
     8944843,
     9141453,
     9338318,
     9600462,
     9797327,
     9994192,
    10190801,
    10387665,
    10650066,
    10846930,
    11043794,
    11240659,
    11437523,
    11634387,
    11831251,
    12028115,
    12224979,
    12422099,
    12553427,
    12750291,
    12947410,
    13078738,
    13275602,
    13407185,
    13604049,
    13735632,
    13866960,
    13998543,
    14130126,
    14261454,
    14393037,
    14524365,
    14655948,
    14787531,
    14853578,
    14984906,
    15050953,
    15182536,
    15248584,
    15314631,
    15380422,
    15446470,
    15512517,
    15578564,
    15644612,
    15645123,
    15710915,
    15776962,
    15777474,
    15843522,
    15844033,
    15844289,
    15910337,
    15910848,
    15911360,
    15911616,
    15912128,
    15912640,
    15913152,
    15913408,
    15913920,
    15914177,
    15849153,
    15849409,
    15849922,
    15850178,
    15785155,
    15785412,
    15785924,
    15786181,
    15720902,
    15721415,
    15721672,
    15656393,
    15656650,
    15656907,
    15657420,
    15657677,
    15592399,
    15592656,
    15592914,
    15593171,
    15593428,
    15593430,
    15593688,
    15593945,
    15659739,
    15659997,
    15659998,
    15725792,
    15726050,
    15726308,
    15791846,
    15857639,
    15857641,
    15923435,
    15989229,
    16054767,
    16120561,
    16186099,
    16251893,
    16317430,
    16383224,
    16514298,
    16580092,
    16711422
};